9.833615815151617
10.21273714534943
10.80277742064512
9.633275663033837
11.903780911962384
11.7983049630021
12.569805089976535
10.51189802081432
11.247221879201993
11.216059914247962
16.25730604989646
11.916375287812984
11.054410884348384
11.247221879201993
12.19426094521517
12.13260071048248
12.24744871391589
12.911235417263523
11.92895636675732
13.103434664239753
12.328828005937952
10.464224768228174
10.27131929208707
11.211601134539169
10.80277742064512
8.514693182963201
8.689073598491383
9.695359714832659
10.059821071967434
9.192388155425117
10.51189802081432
9.984988733093292
6.260990336999411
6.220932405998316
6.892024376045111
8.561541917201597
7.635443667528429
9.126883367283709
10.876580344942981
9.939818911831342
9.974968671630002
8.12403840463596
11.43241006962224
6.985699678629192
6.723094525588644
8.814760348415605
7.918333157931662
8.167006795638168
8.561541917201597
7.3006848993775915
8.729261137118078
7.956129712366434
7.745966692414834
7.26636084983398
6.058052492344384
8.06225774829855
6.833739825307955
6.457553716385176
5.770615218501403
3.3466401061363023
0.
-2.23606797749979
-1.6733200530681511
-4.774934554525329
-5.873670062235365
-6.670832032063167
-5.594640292279746
-4.527692569068709
-3.7013511046643495
-6.340346993658944
-4.69041575982343
-2.6457513110645907
-4.123105625617661
-4.324349662087931
-3.361547262794322
-3.286335345030997
0.
0.
-3.7815340802378077
-2.3021728866442674
-5.449770637375485
-6.284902544988268
-3.361547262794322
-5.770615218501403
-4.560701700396552
-3.4351128074635335
-3.
-3.96232255123179
-4.560701700396552
-4.636809247747852
-2.449489742783178
-3.271085446759225
-4.43846820423443
-4.878524367060187
-5.319774431308154
-3.96232255123179
-4.847679857416329
-5.941380311005179
-6.610597552415364
-7.0710678118654755
-7.968688725254614
-4.61519230368573
-6.457553716385176
-9.246621004453464
-8.136338242723197
-7.362064927722384
-10.382677881933928
-7.469939758793239
-7.918333157931662
-9.311283477587825
-9.038805230781334
-10.977249200050075
-8.792041856133306
-8.660254037844387
-8.561541917201597
-8.031189202104505
-10.207840124139876
-7.92464510246358
-8.46758525200662
-8.46758525200662
-8.972179222463181
-8.561541917201597
-8.831760866327848
-8.848728722251575
-9.038805230781334
-9.126883367283709
-9.219544457292887
-10.89954127475097
-11.34460224071342
-9.974968671630002
-8.78635305459552
-9.746794344808963
-10.59245014149229
-9.959919678390985
-11.157956802210698
-9.85900603509299
-10.954451150103322
-8.972179222463181
-10.488088481701515
-11.224972160321824
-10.10940156488009
-9.181503144910424
-9.974968671630002
-10.084641788382967
-10.80277742064512
-12.31665539016173
-11.597413504743201
-10.931605554537724
-13.367871932360812
-12.864680330268607
-12.521980673998822
-12.320714265009151
-12.953763931769021
-12.157302332343306
-12.227019260637483
-8.757853618324527
-8.54400374531753
-11.013627921806693
-8.729261137118078
-10.014988766843425
-8.154753215150045
-11.335784048754634
-7.503332592921628
-10.620734437881403
-10.686440005914037
-10.747092630102339
-11.388590782006348
-11.34460224071342
-9.705668446840743
-7.293833011524188
-7.54983443527075
-7.402702209328699
-7.3824115301167
-7.726577508832744
-9.50263121456368
-6.648308055437865
-10.653637876331258
-8.78635305459552
-10.074720839804943
-10.114346246792227
-9.974968671630002
-9.974968671630002
-8.18535277187245
-7.569676347110224
-8.590692637965812
-7.0710678118654755
-7.0710678118654755
-7.0710678118654755
-6.855654600401044
-6.833739825307955
-6.58027355054484
-6.54217089351845
-6.324555320336759
-6.58027355054484
-6.457553716385176
-6.058052492344384
-5.805170109479997
-5.770615218501403
-6.708203932499369
-7.035623639735144
-5.167204273105526
-4.8270073544588685
-4.8270073544588685
-4.658325879540846
-4.47213595499958
-4.277849927241488
-7.810249675906654
-3.1622776601683795
-6.685805860178712
-2.23606797749979
2.345207879911715
2.588435821108957
2.6832815729997477
2.8809720581775866
3.082207001484488
5.656854249492381
6.760177512462229
7.0710678118654755
8.46758525200662
7.402702209328699
7.049822692805827
7.44983221287567
6.041522986797286
8.246211251235321
8.438009243891594
8.573214099741124
9.549869109050658
9.423375191511797
9.444575162494075
10.497618777608569
8.78635305459552
8.438009243891594
11.379806676741042
11.357816691600547
9.364827814754525
10.549881515922348
11.166915420114902
11.388590782006348
12.288205727444508
13.649175799292792
11.099549540409287
10.344080432788601
10.353743284435827
12.696456198483101
11.077003204838391
12.541929676090518
14.060583202698243
14.159802258506296
15.748015748023622
16.23884232326923
15.709869509324385
13.663820841916802
13.164345787011218
15.411035007422441
11.554220008291344
9.219544457292887
10.807404868885037
11.781341180018513
13.527749258468683
14.508618128546908
13.19090595827292
13.141537200799608
14.842506526863986
13.057564857200596
7.745966692414834
8.774964387392123
8.820430828479978
10.401922899156675
15.953056133543816
14.11382301150188
10.620734437881403
9.874208829065749
13.
12.24744871391589
12.891857895586655
12.62933094031509
12.96919426949878
12.300406497347964
7.197221686178632
12.397580409095962
7.956129712366434
9.746794344808963
11.349008767288886
9.67987603226405
9.17605579756357
11.445523142259598
10.10940156488009
10.329569206893384
9.539392014169456
6.9498201415576215
9.235799911215054
7.402702209328699
8.276472678623424
6.877499545619759
6.797058187186572
4.604345773288535
6.985699678629192
6.618156843109719
8.258329128825032
8.48528137423857
8.831760866327848
10.44030650891055
9.633275663033837
8.54400374531753
9.246621004453464
6.892024376045111
5.403702434442518
3.3166247903554
3.63318042491699
4.8270073544588685
5.431390245600108
4.505552130427524
2.701851217221259
0.
-4.39317652729776
-4.324349662087931
-2.5495097567963922
-4.527692569068709
-1.3038404810405297
-3.63318042491699
-2.3021728866442674
-3.0495901363953815
-5.019960159204453
-3.63318042491699
-6.016643582596529
-4.39317652729776
-3.24037034920393
-6.024948132556827
-4.324349662087931
-5.630275304103699
-1.3038404810405297
-6.348228099241551
-5.167204273105526
-7.0710678118654755
-7.635443667528429
-8.167006795638168
-8.660254037844387
-7.797435475847171
-8.06225774829855
-12.617448236470002
-11.567194992737004
-11.597413504743201
-12.581732790041283
-13.663820841916802
-13.917614738165444
-13.322912594474229
-15.59807680452946
-16.192590898309017
-17.190113437671084
-13.498148021117563
-14.943225890014512
-15.546703830716014
-19.954949260772377
-16.911534525287763
-15.968719422671311
-15.274161188098024
-16.91744661584602
-16.140012391568973
-15.827191791344413
-13.228756555322953
-13.827508813954884
-16.619265928433784
-14.024977718342372
-15.546703830716014
-15.274161188098024
-13.765899897936205
-15.436968614336172
-13.663820841916802
-13.601470508735444
-14.377065069060514
-13.784048752090222
-13.538833036861043
-10.80277742064512
-12.77888884058391
-12.77888884058391
-12.581732790041283
-13.367871932360812
-12.11197754291181
-11.970797801316335
-11.970797801316335
-12.497999839974394
-11.326958991715296
-10.
-9.889388252060893
-12.82575533838066
-11.157956802210698
-9.396807968666806
-10.667708282475669
-13.209844813622906
-12.759310326189265
-11.067971810589327
-10.488088481701515
-9.219544457292887
-6.745368781616021
-10.56882207249228
-7.661592523751182
-9.486832980505138
-7.905694150420948
-7.854934754662192
-8.264381404557755
-9.513148795220223
-7.956129712366434
-7.854934754662192
-8.561541917201597
-7.52994023880668
-6.220932405998316
-7.245688373094719
-7.0710678118654755
-6.833739825307955
-8.031189202104505
-6.670832032063167
-6.870225614927067
-6.18869937870632
-6.48074069840786
-7.328028384224504
-5.770615218501403
-5.477225575051661
-3.646916505762094
-5.
-4.183300132670378
-4.658325879540846
-3.646916505762094
-4.277849927241488
-4.08656334834051
-3.1622776601683795
-3.872983346207417
-3.1622776601683795
4.08656334834051
4.08656334834051
3.646916505762094
5.319774431308154
4.8270073544588685
3.286335345030997
3.646916505762094
3.872983346207417
5.118593556827891
5.873670062235365
6.618156843109719
7.7781745930520225
5.770615218501403
7.3006848993775915
8.87130204648675
8.18535277187245
6.745368781616021
7.874007874011811
8.905054744357274
8.916277250063503
11.92895636675732
12.401612798341997
9.91463564635635
11.76010204037363
12.227019260637483
13.63084736911099
13.682105101189656
13.903237033151669
13.70401401050072
14.983324063771697
13.292855223765885
12.070625501605125
14.560219778561036
14.989996664442591
12.856904759700136
14.604793733565703
15.122830422906949
16.192590898309017
16.17714437099453
15.355780670483673
17.029386365926403
15.165750888103101
14.67310464761974
15.453155017665487
13.446189051177289
13.722244714331545
16.0312195418814
15.355780670483673
15.056560032092323
15.329709716755891
15.385057685949702
12.561846997953765
14.690132742763083
13.784048752090222
14.449913494550755
14.142135623730951
14.33527118683145
14.345731072343439
14.142135623730951
13.96424004376894
13.103434664239753
13.663820841916802
12.227019260637483
14.943225890014512
15.026643005009468
13.103434664239753
14.577379737113251
12.668859459319927
12.517987058628874
12.449899597988733
12.31665539016173
10.747092630102339
12.041594578792296
11.349008767288886
11.853269591129697
11.691877522451216
11.104053313993049
11.009087155618309
10.16366075781753
11.104053313993049
11.34460224071342
11.081516141756055
10.344080432788601
10.876580344942981
8.46758525200662
10.526157893552615
10.13903348450926
10.56882207249228
10.488088481701515
9.833615815151617
10.329569206893384
10.246950765959598
11.233877335986895
10.16366075781753
10.084641788382967
8.734987120768983
10.
9.91463564635635
9.91463564635635
9.746794344808963
9.6591925128346
9.6591925128346
9.57601169589929
9.617692030835672
9.396807968666806
9.338094023943002
9.219544457292887
9.126883367283709
6.985699678629192
6.324555320336759
8.848728722251575
8.561541917201597
8.729261137118078
8.660254037844387
8.561541917201597
7.956129712366434
6.877499545619759
9.633275663033837
8.318653737234168
8.264381404557755
8.167006795638168
4.301162633521313
6.892024376045111
10.597169433391164
9.257429448826494
5.974947698515862
8.154753215150045
4.58257569495584
5.5677643628300215
7.19027120489902
5.338539126015656
4.636809247747852
6.54217089351845
4.743416490252569
5.70087712549569
6.457553716385176
5.477225575051661
6.058052492344384
6.300793600809346
5.118593556827891
7.26636084983398
5.916079783099616
3.3466401061363023
6.6932802122726045
1.5811388300841898
5.540758070878027
4.277849927241488
3.7416573867739413
2.9154759474226504
4.898979485566356
2.6457513110645907
2.588435821108957
2.588435821108957
3.492849839314596
4.301162633521313
2.6832815729997477
3.1622776601683795
3.082207001484488
3.391164991562634
3.1144823004794873
2.23606797749979
1.816590212458495
2.588435821108957
4.54972526643093
1.3416407864998738
0.
0.
0.
-2.23606797749979
-2.
-1.5811388300841898
-4.560701700396552
-4.06201920231798
-1.6431676725154984
-4.58257569495584
-6.016643582596529
-3.7416573867739413
-3.7013511046643495
-4.207136793592526
-1.8708286933869707
0.
0.
-2.7748873851023217
-2.1213203435596424
-3.7815340802378077
-3.391164991562634
-3.9370039370059056
-4.8166378315169185
0.
-2.8809720581775866
-6.284902544988268
-5.916079783099616
-5.70087712549569
-4.381780460041329
-4.527692569068709
-4.183300132670378
-8.17312669668102
-6.708203932499369
-6.9498201415576215
-7.0710678118654755
-7.19027120489902
-7.3006848993775915
-7.211102550927978
-7.635443667528429
-8.031189202104505
-7.469939758793239
-7.368853370776216
-8.142481194328912
-8.96102672688794
-8.927485648266257
-8.848728722251575
-8.246211251235321
-8.366600265340756
-8.561541917201597
-8.757853618324527
-8.94427190999916
-9.126883367283709
-9.289779329994873
-8.012490249604053
-7.582875444051551
-9.126883367283709
-9.126883367283709
-9.20326029187483
-7.014271166700073
-6.457553716385176
-8.590692637965812
-7.745966692414834
-8.972179222463181
-7.536577472566709
-8.689073598491383
-9.513148795220223
-9.219544457292887
-8.94427190999916
-8.689073598491383
-8.972179222463181
-8.94427190999916
-9.181503144910424
-7.463243262818116
-7.615773105863909
-7.049822692805827
-8.473488065725943
-9.396807968666806
-10.188228501560022
-10.084641788382967
-10.
-10.084641788382967
-8.573214099741124
-9.257429448826494
-7.905694150420948
-8.06225774829855
-8.215838362577491
-7.918333157931662
-8.438009243891594
-8.602325267042627
-7.
-8.264381404557755
-7.987490219086343
-8.06225774829855
-7.021395872616783
-7.3824115301167
-6.797058187186572
-6.6332495807108
-6.534523701081817
-7.0710678118654755
-6.618156843109719
-6.324555320336759
-6.708203932499369
-6.457553716385176
-6.324555320336759
-4.47213595499958
-4.505552130427524
-4.
-6.300793600809346
-4.08656334834051
-4.47213595499958
-4.604345773288535
-4.47213595499958
-3.082207001484488
-3.646916505762094
-2.073644135332772
0.
0.
-2.7386127875258306
0.
-4.527692569068709
-4.743416490252569
-4.743416490252569
-3.3466401061363023
-3.646916505762094
-4.415880433163924
-2.792848008753788
-4.183300132670378
-4.527692569068709
-3.4641016151377544
-3.9115214431215892
-1.224744871391589
-2.04939015319192
-1.816590212458495
-3.5777087639996634
-0.7071067811865476
-0.5477225575051661
-0.8366600265340756
0.
0.
0.
0.
0.
0.
0.
0.
0.
0.
0.
0.
0.
0.
0.
0.
0.
0.
0.
0.
0.
3.3166247903554
0.
2.
3.1937438845342623
1.140175425099138
1.3416407864998738
4.33589667773576
1.7888543819998317
1.0954451150103321
0.
1.3038404810405297
1.4832396974191326
0.8944271909999159
5.0990195135927845
2.949576240750525
2.5495097567963922
3.63318042491699
4.09878030638384
0.
4.147288270665544
1.7888543819998317
5.263078946776307
3.03315017762062
4.324349662087931
5.522680508593631
3.7416573867739413
5.049752469181039
6.8044103344816
5.272570530585627
4.878524367060187
6.082762530298219
4.47213595499958
3.082207001484488
6.300793600809346
3.1144823004794873
4.979959839195493
5.549774770204643
1.9493588689617927
3.6742346141747673
5.674504383644443
4.919349550499537
5.787918451395113
5.656854249492381
7.328028384224504
6.610597552415364
7.259476565152615
4.03732584763727
9.654014708917737
7.694153624668538
8.87130204648675
7.245688373094719
7.469939758793239
7.874007874011811
10.406728592598157
6.618156843109719
10.709808588392232
11.081516141756055
9.899494936611665
8.590692637965812
8.526429498916883
8.043631020876083
6.220932405998316
8.927485648266257
9.695359714832659
7.968688725254614
7.05691150575094
7.791020472312982
9.82344135219425
12.660963628413123
6.6332495807108
5.941380311005179
8.167006795638168
9.126883367283709
8.660254037844387
7.8230428862431785
6.534523701081817
6.942621983083913
6.877499545619759
7.622335600063802
6.115553940568262
6.511528238439882
7.582875444051551
9.40744386111339
7.797435475847171
6.841052550594828
7.252585745787498
6.587867636800241
7.26636084983398
4.277849927241488
6.557438524302
7.395944834840239
5.882176467941097
2.5099800796022267
5.805170109479997
5.709640969448079
7.635443667528429
7.245688373094719
6.59545297913646
4.979959839195493
6.774953874381729
6.465291950097845
7.134423592694787
5.656854249492381
6.663332499583072
2.7386127875258306
5.683308895353129
6.992853494818835
4.230839160261236
5.8395205282625735
6.565059024867941
2.932575659723036
3.8600518131237567
3.63318042491699
3.8858718455450894
6.
2.6457513110645907
3.082207001484488
3.8987177379235853
1.6733200530681511
1.7320508075688772
2.073644135332772
2.8284271247461903
2.701851217221259
5.60357029044876
2.701851217221259
0.6324555320336759
0.
-1.224744871391589
-5.186520991955976
-4.658325879540846
-1.5491933384829668
-3.0495901363953815
-3.63318042491699
-1.8439088914585775
0.
-0.7745966692414834
0.
0.
0.
0.
-1.
0.
0.
0.
-0.8944271909999159
0.
0.
0.
0.
-5.830951894845301
-6.
-4.242640687119285
0.
-5.683308895353129
-2.1447610589527217
0.
0.
-1.51657508881031
-5.856620185738529
-6.48074069840786
0.
-1.1832159566199232
-2.898275349237888
-5.089204259999788
-6.115553940568262
-2.4899799195977463
-5.079370039680118
-5.059644256269407
-7.176350047203662
-6.54217089351845
-5.118593556827891
-5.0990195135927845
-4.427188724235731
-6.058052492344384
-5.422176684690384
-5.495452665613635
-7.829431652425353
-6.324555320336759
-7.341661937191061
-7.854934754662192
-9.354143466934854
-8.12403840463596
-5.621387729022079
-9.186947262284681
-8.1117199162693
-10.658330075579382
-7.5960516059331775
-8.888194417315589
-9.813256340277675
-8.757853618324527
-9.6850400102426
-9.715966241192895
-8.390470785361213
-9.45515732285825
-9.08845421400141
-9.669539802906858
-8.966604708583958
-8.763560920082657
-9.38083151964686
-10.358571330062848
-10.41633332799983
-10.094552986635911
-12.190159966136621
-12.782800945019837
-9.50789145920377
-11.282730166054668
-9.15969431804359
-9.544631999192006
-9.746794344808963
-8.83742043811428
-8.461678320522472
-9.071934744033381
-10.981803130633876
-12.58570617804182
-10.597169433391164
-11.099549540409287
-12.30853362509117
-11.371015785759864
-9.38083151964686
-9.762171889492624
-10.61602562167217
-9.70051545022222
-9.327379053088816
-10.959014554237985
-11.874342087037917
-13.315404612703288
-10.51189802081432
-10.411532067856296
-8.555699854482976
-9.197825830053535
-10.16857905510893
-11.85748708622531
-11.636150566231086
-11.696153213770756
-8.888194417315589
-9.143303560529969
-12.48198702130394
-9.534149149242422
-7.962411694957753
-7.4565407529228995
-8.683317338436964
-9.57078889120432
-7.9498427657407165
-8.780660567406077
-8.514693182963201
-6.9498201415576215
-7.176350047203662
-9.622889378975527
-9.586448768965493
-6.6932802122726045
-8.300602387778854
-6.670832032063167
-4.8270073544588685
-3.847076812334269
-3.7013511046643495
-5.932958789676531
-4.878524367060187
-6.767569726275452
-4.324349662087931
-4.9899899799498595
-4.427188724235731
-2.1447610589527217
-4.636809247747852
-1.3038404810405297
3.40587727318528
3.082207001484488
4.39317652729776
3.5355339059327378
3.1304951684997055
4.0743097574926725
2.8635642126552705
5.486346689738081
2.5495097567963922
1.5491933384829668
3.847076812334269
3.6193922141707713
3.794733192202055
2.569046515733026
4.381780460041329
6.4265076052238514
7.134423592694787
7.582875444051551
3.521363372331802
6.3796551630946325
5.718391382198319
10.119288512538814
8.520563361656317
7.429670248402684
9.979979959899719
9.924716620639604
12.96148139681572
12.593649193144932
12.911235417263523
11.371015785759864
12.149074038789951
13.394028520202577
12.794530081249565
15.427248620541512
13.627178724886527
14.418737808837498
13.949910393977447
13.401492454200763
12.589678312014172
15.129441496631658
14.19506956657839
18.541844568434932
17.703107071923842
17.10555465338672
14.976648490233053
15.17563837207516
13.641847382227965
16.229602582934678
16.46815108019112
14.949916387726054
12.66491215919005
14.359665734271115
13.3566462856512
14.700340132119392
15.540270267920054
11.88696765369537
15.313392831113555
14.529280780547948
15.145956556124146
12.553883861180172
13.431306712304652
11.458621208504974
11.077003204838391
12.30853362509117
11.366617790706258
11.52822622956368
13.262729734108284
13.069047402163633
11.379806676741042
10.143963722332607
9.465727652959385
9.549869109050658
11.88696765369537
14.791889669680478
14.869431730903505
12.30853362509117
10.709808588392232
10.305338422390601
11.636150566231086
12.087183294713455
10.625441167311596
10.478549517943788
10.742439201596628
8.994442728707543
10.04987562112089
9.818350166906862
11.104053313993049
9.57601169589929
9.50789145920377
9.460443964212251
6.332456079595025
7.063993204979744
7.042726744663604
8.179242018671413
10.601886624558858
9.633275663033837
7.1693793315739685
8.087026647662292
7.803845206050668
6.884765791223402
5.735852159879995
8.049844718999243
5.830951894845301
6.06630035524124
6.016643582596529
6.700746227100382
6.434283176858165
5.848076606885378
4.58257569495584
6.663332499583072
5.531726674375733
7.968688725254614
8.215838362577491
5.412947441089743
4.711687595755898
2.4289915602982237
-3.7282703764614498
-3.9749213828703582
-5.92452529743945
-4.1952353926806065
-3.987480407475377
-4.427188724235731
-2.6267851073127395
-2.9832867780352594
-5.630275304103699
-4.604345773288535
-3.96232255123179
-4.949747468305833
-4.743416490252569
-5.882176467941097
-4.381780460041329
-2.4899799195977463
-5.932958789676531
-6.300793600809346
-3.40587727318528
-5.991660871578097
-4.230839160261236
-6.
-6.54217089351845
-8.532291603080617
-8.491171886141512
-9.746794344808963
-8.927485648266257
-7.197221686178632
-7.14142842854285
-7.341661937191061
-7.021395872616783
-8.23407554009556
-8.105553651663778
-9.974968671630002
-8.037412518964047
-9.214119599831555
-10.319883720275147
-10.747092630102339
-9.99499874937461
-10.411532067856296
-8.803408430829505
-9.555103348473002
-13.36413109783049
-9.664367542679656
-10.029955134495866
-10.445094542415593
-10.21763181955584
-8.654478609367523
-11.958260743101398
-8.637129152675673
-11.211601134539169
-11.924764148611073
-9.332738076256078
-15.30686120666154
-16.376812876747415
-17.337819932159867
-15.215124054702938
-13.512956745287095
-16.284962388657824
-13.65283853270081
-13.461054936371072
-13.36413109783049
-13.057564857200596
-14.659467930317254
-15.231546211727817
-14.862705002791383
-12.934450123604018
-14.85260919838666
-13.820274961085254
-16.303373883954205
-17.271363582531635
-15.820872289478858
-13.516656391282572
-13.9534941860453
-12.37739875741264
-12.417729261020309
-12.17374223482656
-11.34019400186787
-13.341664064126334
-11.64903429473877
-13.718600511714014
-13.575713609236164
-12.17374223482656
-13.03073290340954
-12.521980673998822
-9.154233993076646
-10.816653826391969
-11.532562594670797
-8.61974477580398
-10.816653826391969
-12.794530081249565
-11.61464592658769
-10.202940752547766
-10.765686229869418
-11.979148550710939
-14.145670715805595
-11.081516141756055
-10.358571330062848
-10.904127658827184
-10.954451150103322
-8.282511696339462
-10.44030650891055
-11.353413583587978
-10.894952959971878
-9.838699100999074
-11.640446726822816
-11.397368117245314
-11.233877335986895
-10.779610382569492
-11.148990985734986
-10.21273714534943
-9.433981132056603
-8.94427190999916
-8.677557259966655
-8.438009243891594
-11.309288218097548
-10.153817016275209
-9.279008567729637
-8.826097665446492
-9.027735042633894
-8.461678320522472
-9.50789145920377
-8.117881497040962
-8.717797887081348
-9.338094023943002
-9.787747442593725
-7.981227975693966
-8.972179222463181
-7.395944834840239
-6.670832032063167
-5.412947441089743
-6.164414002968976
-6.276941930590086
-7.092249290598858
-6.752777206453653
-6.332456079595025
-5.958187643906492
-5.486346689738081
-6.526867548832288
-4.909175083453431
-7.314369419163897
-6.410928169929843
-4.8373546489791295
-4.6475800154489
-5.744562646538029
-2.898275349237888
-4.159326868617084
-3.1622776601683795
-0.8366600265340756
-2.4289915602982237
0.
4.277849927241488
2.8106938645110393
2.4083189157584592
1.
3.0495901363953815
0.8366600265340756
3.521363372331802
0.
3.1304951684997055
2.9664793948382653
3.361547262794322
2.898275349237888
2.9154759474226504
3.8340579025361627
3.7013511046643495
5.0990195135927845
3.7682887362833544
3.1622776601683795
4.5934736311423405
7.362064927722384
5.522680508593631
6.496152707564686
5.656854249492381
8.977750274985375
8.780660567406077
7.720103626247513
8.408329203831164
8.613942186943213
8.142481194328912
10.449880382090505
8.532291603080617
8.8656641037206
9.192388155425117
10.377861051295685
10.242070103255495
12.336936410632909
13.16054710108968
9.929753269845127
11.269427669584644
12.609520212918492
12.89961239727768
13.095800853708795
12.763228431709589
13.145341380123988
12.853015210447703
13.442470011125186
14.247806848775006
14.173919711921611
14.758048651498612
13.586758259423032
12.4056438768812
12.513992168768526
12.957623238850557
13.711309200802088
11.64903429473877
14.265342617687105
14.363147287415806
14.896308267486948
13.80217374184226
13.236313686219438
13.080519867344723
13.638181696985855
13.479614237803691
10.88577052853862
12.144957801491119
13.856406460551018
13.67845020461017
10.382677881933928
12.942179105544785
12.17374223482656
12.517987058628874
12.324771803161306
11.30044246921332
10.099504938362077
12.361229712289955
10.94988584415381
11.063453348751466
9.093954035511725
10.104454463255301
11.063453348751466
12.637246535539298
11.811011811017716
10.894952959971878
11.242775458044157
8.933084573650918
9.797958971132712
8.809086218218097
9.581231653602787
10.377861051295685
11.224972160321824
8.780660567406077
10.104454463255301
8.809086218218097
7.874007874011811
9.555103348473002
6.457553716385176
8.700574693662482
8.461678320522472
8.83742043811428
10.47377677822093
9.460443964212251
11.220516922138659
8.252272414311102
8.780660567406077
10.483320084782301
10.188228501560022
10.202940752547766
7.362064927722384
8.024961059095553
10.4546640309481
7.368853370776216
9.617692030835672
8.637129152675673
8.660254037844387
7.476630257007497
8.099382692526634
7.987490219086343
7.127411872482185
8.473488065725943
6.4031242374328485
5.70087712549569
6.833739825307955
4.929503017546495
7.745966692414834
8.538149682454625
6.826419266350405
5.787918451395113
4.959838707054898
5.60357029044876
4.1952353926806065
4.919349550499537
3.7282703764614498
5.176871642217914
4.147288270665544
1.70293863659264
0.
-1.1832159566199232
-4.171330722922842
-3.1144823004794873
-2.345207879911715
-1.6733200530681511
-3.082207001484488
-3.0166206257996713
-4.324349662087931
-5.049752469181039
-4.254409477236529
-6.920982589199311
-5.089204259999788
-5.128352561983234
-6.6332495807108
-7.816648898345122
-6.670832032063167
-7.197221686178632
-6.9498201415576215
-7.569676347110224
-8.87130204648675
-10.13903348450926
-9.934787365615835
-10.620734437881403
-10.079682534683322
-9.99499874937461
-9.38083151964686
-8.270429251254134
-13.168143377105217
-13.442470011125186
-9.939818911831342
-11.519548602267365
-11.597413504743201
-9.9498743710662
-11.41052146047673
-13.19469590403659
-11.357816691600547
-13.845576911057192
-16.208022704821214
-16.337074401495514
-17.134759992483115
-15.043270920913443
-14.862705002791383
-16.015617378046965
-15.05988047761336
-15.630099167951558
-15.684387141358123
-14.720733677368122
-12.13260071048248
-14.45683229480096
-15.449919093639293
-16.459040069214243
-15.57562197795003
-12.365273955719704
-13.107249902248755
-13.553597308463905
-11.571516754514077
-12.186057606953941
-13.255187663703596
-12.280065146407
-11.519548602267365
-14.152738250953417
-12.144957801491119
-13.053735097664577
-13.397761006974262
-13.538833036861043
-13.2664991614216
-12.449899597988733
-13.82389236069205
-13.0843417870369
-13.66747965061591
-11.827933040053955
-12.02497401244593
-13.3566462856512
-12.806248474865697
-11.273863579093016
-8.94427190999916
-8.648699324175862
-10.56882207249228
-10.667708282475669
-8.87130204648675
-8.8656641037206
-9.617692030835672
-9.055385138137417
-10.069756700139283
-10.348912986396204
-8.803408430829505
-7.314369419163897
-8.637129152675673
-7.987490219086343
-10.639548862616309
-10.114346246792227
-6.841052550594828
-7.576278769950324
-6.942621983083913
-6.985699678629192
-4.9396356140913875
-5.991660871578097
-7.5099933422074345
-6.971370023173351
-4.381780460041329
-6.316644678941502
-4.571651780264984
-4.9396356140913875
-2.
-4.61519230368573
-5.440588203494177
-4.06201920231798
-4.888762624632126
-5.0099900199501395
-7.148426400264607
-1.9748417658131499
-2.9154759474226504
-1.6431676725154984
-5.049752469181039
-3.847076812334269
-4.0743097574926725
-4.888762624632126
-4.0743097574926725
-3.687817782917155
-6.371812928829597
-3.8078865529319543
-4.460941604639093
-5.128352561983234
-6.008327554319921
-4.857983120596447
-3.1622776601683795
-3.24037034920393
-5.300943312279429
-3.3466401061363023
-4.857983120596447
-1.8708286933869707
-2.345207879911715
-3.3166247903554
-3.6193922141707713
-0.4472135954999579
-3.146426544510455
-3.271085446759225
-0.4472135954999579
0.
2.9664793948382653
1.378404875209022
2.6076809620810595
0.9486832980505138
1.2649110640673518
0.9486832980505138
0.
3.22490309931942
2.
2.8284271247461903
3.5496478698597698
4.230839160261236
3.1780497164141406
4.516635916254486
4.679743582719036
3.492849839314596
6.332456079595025
6.7379522111692065
5.665686189686118
5.692099788303083
6.252999280345393
7.543208866258444
6.041522986797286
8.96102672688794
10.492854711659739
8.46758525200662
7.148426400264607
7.0285133563222315
7.784600182411426
9.412757300600074
9.262828941527529
9.279008567729637
8.514693182963201
10.039920318408907
11.322543883774529
9.864076236526156
9.412757300600074
10.358571330062848
9.565563234854496
8.87693640846886
8.660254037844387
10.765686229869418
10.559356040971437
12.633289357883005
10.339245620450265
8.683317338436964
8.700574693662482
8.215838362577491
9.803060746521975
9.929753269845127
11.85748708622531
8.34865258589672
10.04987562112089
8.843076387773658
8.44393273303382
11.696153213770756
7.245688373094719
11.278297743897348
11.593101396951552
8.752142594816426
9.370165420097983
11.815244390193543
11.865917579353061
11.247221879201993
12.353137253345807
12.033287165193059
12.074767078498866
11.264990013311152
10.530906893520616
9.235799911215054
9.40744386111339
9.648834126463155
10.153817016275209
8.921883209278185
7.803845206050668
8.8656641037206
8.449852069711044
10.940749517286282
9.10494371207203
9.57601169589929
11.027239001672177
11.811011811017716
10.530906893520616
9.137833441248533
8.12403840463596
8.031189202104505
7.183313998427188
6.024948132556827
7.05691150575094
6.572670690061994
9.772410142846033
8.538149682454625
7.155417527999327
6.730527468185536
7.0992957397195395
5.300943312279429
5.974947698515862
3.794733192202055
0.7745966692414834
4.658325879540846
4.123105625617661
4.69041575982343
2.6645825188948455
3.40587727318528
5.779273310719955
5.10881590977792
6.23698645180507
5.974947698515862
3.521363372331802
3.3166247903554
3.391164991562634
5.873670062235365
4.604345773288535
3.4351128074635335
3.6193922141707713
2.9154759474226504
3.420526275297414
3.4351128074635335
2.23606797749979
2.1447610589527217
3.82099463490856
1.8439088914585775
4.230839160261236
3.331666249791536
1.140175425099138
3.7682887362833544
3.331666249791536
2.701851217221259
2.
3.286335345030997
3.9749213828703582
5.856620185738529
3.3015148038438356
1.8439088914585775
0.5477225575051661
-3.3466401061363023
-2.9664793948382653
-1.0488088481701516
-2.9154759474226504
-1.6431676725154984
-2.8106938645110393
-1.4832396974191326
-4.39317652729776
-3.7682887362833544
-5.347896782848375
-4.312771730569565
-3.987480407475377
-3.6193922141707713
-4.743416490252569
-6.074537019394976
-4.147288270665544
-5.848076606885378
-8.276472678623424
-8.966604708583958
-9.899494936611665
-7.422937423958254
-9.47100839404126
-9.273618495495704
-8.35463942968217
-7.368853370776216
-10.73312629199899
-11.229425630903835
-9.126883367283709
-10.770329614269007
-11.519548602267365
-11.282730166054668
-11.29601699715435
-13.
-10.232301793829187
-10.8397416943394
-10.435516278555651
-11.445523142259598
-11.180339887498949
-11.027239001672177
-10.464224768228174
-12.116104984688768
-11.88696765369537
-12.239281024635394
-12.149074038789951
-14.676511847165866
-11.397368117245314
-11.545561917897285
-11.189280584559492
-12.505998560690786
-11.77285012220915
-11.874342087037917
-9.332738076256078
-11.661903789690601
-12.988456413292536
-12.83744522870497
-13.292855223765885
-10.821275340735028
-10.488088481701515
-11.211601134539169
-9.710818709048171
-10.00499875062461
-10.26645021416848
-10.583005244258363
-10.079682534683322
-11.322543883774529
-10.606601717798213
-10.91329464460664
-8.927485648266257
-10.719141756689293
-9.803060746521975
-10.639548862616309
-8.8656641037206
-10.858176642512316
-6.957010852370434
-9.78263768111648
-9.300537618869138
-8.54400374531753
-6.789698078707183
-9.038805230781334
-8.67179335547152
-6.7379522111692065
-10.10940156488009
-6.920982589199311
-7.956129712366434
-8.426149773176359
-8.221921916437786
-7.
-6.978538528947161
-7.19027120489902
-5.770615218501403
-4.347413023856832
-6.789698078707183
-6.0332412515993425
-8.966604708583958
-4.888762624632126
-3.7416573867739413
-7.44983221287567
-7.0992957397195395
-7.791020472312982
-7.993747556684537
-4.919349550499537
-6.557438524302
-6.0909769331364245
-3.872983346207417
-7.231873892705818
-7.622335600063802
-7.556454194925025
-7.183313998427188
-4.5934736311423405
-5.692099788303083
-3.9115214431215892
-5.504543577809154
-4.857983120596447
-3.591656999213594
-5.8395205282625735
-4.743416490252569
-2.2135943621178655
-3.7416573867739413
-4.658325879540846
-3.605551275463989
-4.1952353926806065
-3.96232255123179
-4.774934554525329
-3.794733192202055
-5.176871642217914
-5.029910535983717
-4.483302354291979
-3.7282703764614498
-2.6645825188948455
-3.7282703764614498
-4.6475800154489
-2.7386127875258306
-0.7071067811865476
-0.6324555320336759
-2.
-2.7202941017470885
0.
4.123105625617661
3.1144823004794873
1.0954451150103321
1.3038404810405297
0.9486832980505138
2.5099800796022267
2.5298221281347035
0.
3.0495901363953815
0.
4.54972526643093
0.
2.16794833886788
1.5491933384829668
1.224744871391589
1.9493588689617927
3.5496478698597698
5.215361924162119
4.147288270665544
1.3416407864998738
3.7282703764614498
5.329165037789691
4.743416490252569
6.59545297913646
4.929503017546495
5.215361924162119
6.81175454637056
6.928203230275509
4.301162633521313
8.049844718999243
8.613942186943213
8.729261137118078
7.252585745787498
6.387487769068525
7.867655305108378
8.461678320522472
8.105553651663778
8.35463942968217
9.181503144910424
9.85393322486001
7.085195833567341
9.50789145920377
7.962411694957753
9.544631999192006
9.549869109050658
11.958260743101398
9.710818709048171
8.093207028119323
8.938679992034618
9.033271832508971
11.027239001672177
9.904544411531507
9.581231653602787
11.454256850621082
13.367871932360812
9.617692030835672
8.706319543871567
7.231873892705818
10.363397126425292
9.602083107326242
9.808159868191384
10.261578825892242
13.141537200799608
8.921883209278185
9.669539802906858
5.449770637375485
8.049844718999243
10.392304845413264
11.28716084761797
13.427583550289308
10.054849576199537
9.359487165438072
8.449852069711044
8.19756061276768
9.10494371207203
9.513148795220223
11.903780911962384
10.445094542415593
10.124228365658293
8.882567196480982
8.087026647662292
7.523297149521611
6.920982589199311
9.803060746521975
8.246211251235321
8.955445270895245
8.1117199162693
12.28413611126155
12.037441588643327
7.341661937191061
8.712060605849802
8.117881497040962
9.726253132630262
8.809086218218097
10.51189802081432
7.328028384224504
7.745966692414834
6.148170459575759
7.720103626247513
6.2048368229954285
8.043631020876083
9.869143833180262
9.643650760992955
9.497368056467012
6.6332495807108
7.245688373094719
5.974947698515862
3.7549966711037173
6.074537019394976
4.527692569068709
4.847679857416329
4.39317652729776
6.610597552415364
7.993747556684537
2.8809720581775866
3.0983866769659336
2.3664319132398464
3.872983346207417
3.605551275463989
5.253570214625479
3.8858718455450894
1.9235384061671346
2.4289915602982237
2.588435821108957
2.588435821108957
2.1213203435596424
2.6457513110645907
1.9235384061671346
0.6324555320336759
0.
-2.8635642126552705
-2.756809750418044
-2.7202941017470885
-2.6267851073127395
-2.2135943621178655
-0.7071067811865476
-3.987480407475377
-2.756809750418044
-1.378404875209022
-3.255764119219941
-1.9493588689617927
-2.1908902300206643
-0.8944271909999159
-1.2649110640673518
0.
0.
-1.70293863659264
-0.6324555320336759
-1.4142135623730951
-2.280350850198276
-1.0954451150103321
-2.5099800796022267
-2.16794833886788
-2.0976176963403033
-2.3021728866442674
-5.375872022286245
-2.949576240750525
-4.370354676682432
-3.0166206257996713
-3.591656999213594
-4.604345773288535
-3.7013511046643495
-5.224940191045253
-6.107372593840988
-6.2048368229954285
-8.390470785361213
-8.049844718999243
-8.300602387778854
-7.422937423958254
-10.709808588392232
-10.927030703718188
-10.770329614269007
-9.077444574328174
-9.439279633531363
-8.420213774008355
-7.582875444051551
-8.689073598491383
-9.612491872558333
-10.56882207249228
-10.945318634009702
-11.135528725660043
-10.625441167311596
-9.44986772394196
-7.655063683601855
-8.666025617317317
-9.192388155425117
-10.464224768228174
-9.396807968666806
-11.157956802210698
-10.94988584415381
-12.569805089976535
-11.16243700990066
-13.79130160644745
-13.83473888441701
-14.131525041551601
-16.05303709582707
-14.683323874382122
-10.96813566655701
-12.676750372236569
-14.679918255903198
-12.649110640673518
-10.425929215182693
-10.972693379476162
-11.58015543937127
-11.309288218097548
-9.9498743710662
-13.397761006974262
-13.023056476879765
-11.541230437002806
-11.903780911962384
-11.789826122551595
-9.924716620639604
-8.955445270895245
-11.510864433221338
-10.530906893520616
-9.289779329994873
-12.120231020900551
-13.612494260788505
-10.382677881933928
-10.72846680565308
-9.544631999192006
-9.38083151964686
-8.360621986431392
-7.615773105863909
-9.235799911215054
-9.476286192385707
-10.812030336620408
-4.969909455915671
-7.443117626371358
-8.037412518964047
-6.760177512462229
-5.648008498577175
-7.7781745930520225
-9.093954035511725
-6.730527468185536
-7.05691150575094
-7.245688373094719
-6.862943974709396
-6.670832032063167
-7.3484692283495345
-6.082762530298219
-7.496665925596525
-8.34865258589672
-6.164414002968976
-5.440588203494177
-5.504543577809154
-5.440588203494177
-5.822370651203855
-4.43846820423443
-6.6257075093909785
-9.555103348473002
-4.277849927241488
-3.6606010435446255
-3.1304951684997055
-4.277849927241488
-3.3015148038438356
-2.792848008753788
-3.22490309931942
-3.492849839314596
-5.385164807134504
-2.7386127875258306
-1.5811388300841898
-2.345207879911715
-3.1937438845342623
-2.3021728866442674
-3.9115214431215892
-2.4289915602982237
-0.8944271909999159
4.701063709417263
4.415880433163924
4.08656334834051
2.1447610589527217
0.8944271909999159
2.9154759474226504
1.7320508075688772
4.347413023856832
5.882176467941097
6.324555320336759
6.848357467305573
5.665686189686118
6.473020933072903
6.526867548832288
6.123724356957945
5.244044240850758
3.0166206257996713
6.212889826803627
5.477225575051661
7.280109889280518
8.449852069711044
8.893818077743664
8.012490249604053
7.956129712366434
10.014988766843425
10.737783756436894
9.879271228182775
12.821856339859686
10.940749517286282
10.788883167408942
10.207840124139876
8.012490249604053
10.344080432788601
11.063453348751466
9.338094023943002
10.134100848126586
10.069756700139283
10.922453936730518
10.039920318408907
11.50651989091402
11.661903789690601
12.45391504708459
10.774970997640782
12.48198702130394
11.484772527133483
9.924716620639604
9.57078889120432
9.465727652959385
10.681760154581266
10.256705123966467
10.58772874605314
8.677557259966655
11.7983049630021
11.063453348751466
11.933147112141038
11.588787684654509
11.326958991715296
12.345039489608771
12.782800945019837
11.815244390193543
12.231107881136523
10.114346246792227
9.15969431804359
9.91463564635635
10.714476188783099
10.232301793829187
9.154233993076646
9.375499986667378
9.848857801796104
10.94988584415381
10.821275340735028
10.469001862641921
7.569676347110224
9.492101980067428
11.623252556836231
13.412680567284081
10.430723848324238
9.115920140062657
7.64198926981712
7.981227975693966
7.835815209663893
6.928203230275509
6.041522986797286
6.442049363362563
7.314369419163897
7.563068160475615
7.707139547199077
6.557438524302
4.9396356140913875
8.473488065725943
7.078135347674555
7.211102550927978
6.387487769068525
5.049752469181039
5.385164807134504
4.6475800154489
5.630275304103699
4.0743097574926725
5.585696017507576
5.449770637375485
4.483302354291979
4.1952353926806065
4.33589667773576
4.324349662087931
5.449770637375485
6.074537019394976
4.
3.361547262794322
2.569046515733026
3.847076812334269
3.7013511046643495
4.301162633521313
4.516635916254486
6.074537019394976
4.09878030638384
2.2135943621178655
2.3021728866442674
2.949576240750525
2.16794833886788
0.6324555320336759
2.9154759474226504
2.23606797749979
1.
0.6324555320336759
-2.3874672772626644
-3.591656999213594
-2.6832815729997477
-4.33589667773576
-5.735852159879995
-3.3466401061363023
-3.9115214431215892
-3.7282703764614498
-2.588435821108957
-3.082207001484488
-3.8078865529319543
-5.06951674225463
-5.576737397439475
-5.8395205282625735
-6.2048368229954285
-4.516635916254486
-6.7379522111692065
-8.729261137118078
-7.516648189186454
-7.085195833567341
-8.372574275573792
-9.418067742376884
-10.344080432788601
-10.124228365658293
-10.232301793829187
-11.131037687475503
-11.331372379372237
-11.171392035015153
-9.534149149242422
-10.80277742064512
-9.338094023943002
-12.041594578792296
-11.256109452204168
-12.17374223482656
-13.86722755275906
-14.338758663147937
-14.862705002791383
-14.632156368765337
-11.819475453673906
-13.498148021117563
-13.942740046346701
-14.734313692873517
-15.549919613940132
-15.149257407543116
-12.957623238850557
-14.429137188342205
-11.131037687475503
-12.161414391426682
-12.806248474865697
-14.092551223962253
-12.00833044182246
-12.976902558006667
-14.570518178843194
-12.751470503436064
-16.601204775557708
-13.885243966167826
-12.218837915284743
-12.856904759700136
-14.268847185389575
-12.437845472588892
-11.571516754514077
-11.357816691600547
-10.382677881933928
-13.48703080740902
-14.046351839534706
-12.973048986263793
-12.751470503436064
-13.277801022759755
-13.700364958642524
-12.120231020900551
-10.66302021005306
-8.378544026261364
-9.1706052144883
-9.954898291795853
-11.78558441486887
-10.054849576199537
-9.518403227432634
-11.823705003085962
-10.606601717798213
-13.262729734108284
-10.526157893552615
-9.565563234854496
-9.869143833180262
-10.667708282475669
-8.723531395025756
-8.61974477580398
-8.803408430829505
-7.389181280764467
-7.
-9.979979959899719
-10.554619841567009
-10.00499875062461
-10.478549517943788
-8.78635305459552
-8.
-7.496665925596525
-7.713624310270756
-9.375499986667378
-9.50789145920377
-10.059821071967434
-6.465291950097845
-4.347413023856832
-5.440588203494177
-5.805170109479997
-5.357238094391549
-5.656854249492381
-7.162401831787993
-6.131883886702357
-4.54972526643093
-6.935416353759881
-6.760177512462229
-6.59545297913646
-4.857983120596447
-3.5637059362410923
-4.69041575982343
-5.683308895353129
-4.08656334834051
-3.605551275463989
-4.123105625617661
-5.60357029044876
-2.4698178070456938
-0.8944271909999159
-4.277849927241488
-0.6324555320336759
2.0248456731316584
2.8635642126552705
2.9154759474226504
5.282045058497703
4.868264577855234
5.300943312279429
4.230839160261236
6.884765791223402
5.549774770204643
4.604345773288535
5.991660871578097
7.307530362578044
7.14142842854285
7.758865896508329
8.426149773176359
6.565059024867941
7.622335600063802
10.700467279516348
8.752142594816426
6.760177512462229
8.905054744357274
11.991663771137015
11.30044246921332
11.229425630903835
11.899579824514813
11.072488428533127
13.917614738165444
13.367871932360812
12.545915670049755
13.057564857200596
14.363147287415806
14.244297104455523
12.794530081249565
13.744089638822937
13.557285864065861
14.563653387800741
16.881943016134134
15.234828518890522
14.949916387726054
16.35236985883086
15.488705562441298
15.22169504358828
13.464768843169942
12.841339493993608
12.393546707863734
11.045361017187261
11.588787684654509
16.38596960817394
15.697133496278868
15.411035007422441
14.191546779685433
14.956603892595403
14.244297104455523
13.888844444373333
11.64474130240771
13.974977638622539
12.984606270503546
16.06237840420901
14.933184523068078
14.425671561490647
12.263767773404714
13.130118049735882
13.352902306240393
13.24009063413087
14.345731072343439
13.649175799292792
14.25482374496437
12.907362240210041
11.995832609702422
11.588787684654509
12.465953633797938
12.67280552995271
12.267844146385297
10.876580344942981
11.353413583587978
10.981803130633876
8.526429498916883
9.327379053088816
8.814760348415605
8.757853618324527
9.219544457292887
9.20869154657707
8.905054744357274
11.476062042355817
12.397580409095962
11.933147112141038
9.338094023943002
9.300537618869138
10.848963084092414
8.561541917201597
8.613942186943213
8.06225774829855
7.60920495189872
5.692099788303083
5.612486080160912
6.457553716385176
5.796550698475776
7.211102550927978
7.489993324429602
8.820430828479978
6.356099432828281
5.848076606885378
5.639148871948674
6.992853494818835
6.156297588648554
2.4289915602982237
3.8340579025361627
6.29285308902091
4.277849927241488
5.612486080160912
3.5637059362410923
5.796550698475776
5.291502622129181
3.5071355833500366
1.5811388300841898
1.9748417658131499
0.6324555320336759
0.8944271909999159
3.9749213828703582
1.6431676725154984
1.0954451150103321
0.6324555320336759
-2.701851217221259
-3.5496478698597698
-1.51657508881031
-3.24037034920393
-3.6606010435446255
-3.361547262794322
-5.779273310719955
-5.468089245796926
-2.701851217221259
-4.049691346263317
-6.4265076052238514
-6.723094525588644
-6.180614856144977
-7.615773105863909
-7.797435475847171
-9.1104335791443
-11.23832727766904
-10.430723848324238
-10.202940752547766
-13.251415018781957
-12.949903474543738
-12.517987058628874
-13.906832852953976
-12.84912448379266
-13.516656391282572
-15.498387012847498
-15.665248162732693
-14.82902559172382
-16.881943016134134
-16.492422502470642
-15.287249589118376
-13.583077707206124
-14.926486525636232
-15.748015748023622
-15.264337522473747
-16.861198059449986
-16.28189178197669
-14.956603892595403
-18.275666882497067
-18.957847979135185
-17.28004629623428
-18.411952639521967
-16.93221781102523
-15.28397853963424
-16.431676725154983
-16.661332479726823
-15.754364474646383
-15.585249436566615
-16.46207763315433
-16.837458240482736
-16.884904500766357
-16.028100324118263
-14.683323874382122
-16.300306745579974
-17.541379649275026
-14.233762678926468
-16.217274740226856
-15.208550226763892
-15.607690412101336
-15.45639026422405
-14.55678535941229
-16.81071087134628
-14.338758663147937
-12.557866060760482
-13.251415018781957
-13.307892395116516
-14.394443372357264
-12.243365550370536
-12.02497401244593
-13.141537200799608
-13.011533345459329
-12.489995996796797
-13.130118049735882
-13.784048752090222
-13.42013412749664
-10.830512453249845
-11.264990013311152
-11.009087155618309
-9.060905032059436
-8.087026647662292
-8.67179335547152
-9.322016949137135
-8.502940667792526
-10.464224768228174
-9.964938534682489
-8.899438184514796
-9.492101980067428
-7.328028384224504
-6.819090848492928
-7.543208866258444
-7.422937423958254
-8.46758525200662
-8.056053624449133
-8.117881497040962
-7.867655305108378
-7.720103626247513
-5.60357029044876
-5.612486080160912
-8.526429498916883
-7.489993324429602
-6.2289646009589745
-5.761944116355173
-5.357238094391549
-5.932958789676531
-4.979959839195493
-6.457553716385176
-7.816648898345122
-7.155417527999327
-5.357238094391549
-6.892024376045111
-7.429670248402684
-7.078135347674555
-5.805170109479997
-4.6475800154489
-4.753945729601885
-5.029910535983717
-4.909175083453431
-3.591656999213594
-3.7815340802378077
-3.6742346141747673
-2.1908902300206643
3.714835124201342
2.6457513110645907
3.03315017762062
3.331666249791536
4.701063709417263
5.039841267341661
4.560701700396552
4.183300132670378
3.1937438845342623
5.873670062235365
4.8270073544588685
4.159326868617084
3.646916505762094
4.949747468305833
5.394441583704471
4.774934554525329
4.969909455915671
6.348228099241551
5.941380311005179
6.0332412515993425
8.306623862918075
8.012490249604053
8.228000972289685
8.955445270895245
8.520563361656317
8.432081593533118
9.011104260855047
9.
9.989994994993742
12.529964086141668
11.515207336387824
12.581732790041283
9.919677414109795
11.067971810589327
9.767292357659825
11.379806676741042
12.320714265009151
10.425929215182693
11.180339887498949
11.55854662143991
13.379088160259652
13.133925536563698
12.589678312014172
11.423659658795863
10.723805294763608
13.416407864998739
12.497999839974394
11.670475568716126
12.441864811996632
12.884098726725126
12.349089035228468
11.031772296417289
12.469963913339926
12.157302332343306
13.057564857200596
13.86722755275906
12.292273996295396
13.03456942135029
12.251530516633421
11.708970919769166
11.781341180018513
11.371015785759864
11.636150566231086
11.50651989091402
11.77285012220915
12.565826673959815
13.446189051177289
12.070625501605125
12.45391504708459
13.435028842544403
12.300406497347964
12.621410380777577
11.476062042355817
11.865917579353061
11.072488428533127
11.610340218959994
10.871982339941507
11.366617790706258
10.573551910309043
9.268225288586807
10.079682534683322
9.027735042633894
8.408329203831164
10.709808588392232
9.327379053088816
8.44393273303382
8.567379996241558
9.460443964212251
10.793516572461451
9.327379053088816
11.193748255164577
10.653637876331258
9.465727652959385
10.67239429556461
11.166915420114902
10.406728592598157
10.435516278555651
9.5236547606473
9.322016949137135
7.694153624668538
8.018728078691781
7.861297602813418
7.803845206050668
8.087026647662292
9.044335243676011
7.76530746332687
7.489993324429602
5.761944116355173
6.04979338490167
9.1706052144883
6.610597552415364
5.856620185738529
5.770615218501403
6.276941930590086
6.107372593840988
5.558776843874918
7.582875444051551
7.503332592921628
7.176350047203662
8.893818077743664
6.920982589199311
7.563068160475615
8.19756061276768
5.991660871578097
5.440588203494177
5.224940191045253
4.08656334834051
4.110960958218893
2.7748873851023217
3.6193922141707713
4.08656334834051
6.356099432828281
7.52994023880668
4.505552130427524
3.687817782917155
5.282045058497703
3.40587727318528
3.449637662132068
2.5298221281347035
5.612486080160912
5.224940191045253
4.266145801540309
4.230839160261236
1.70293863659264
-4.909175083453431
-4.47213595499958
-5.449770637375485
-2.8106938645110393
-4.722287581247038
-4.878524367060187
-5.770615218501403
-3.605551275463989
-4.358898943540674
-5.196152422706632
-7.409453421137082
-5.531726674375733
-6.557438524302
-7.899367063252599
-7.880355321938218
-6.44980619863884
-7.835815209663893
-8.5848704125339
-11.515207336387824
-10.411532067856296
-11.882760622010357
-10.821275340735028
-11.60172400981854
-9.984988733093292
-9.077444574328174
-13.989281611290838
-13.307892395116516
-11.76860229593982
-13.187114923287808
-15.359036428109675
-13.9534941860453
-13.974977638622539
-11.987493482792805
-13.794926603646719
-14.549914089093447
-15.023315213360863
-14.191546779685433
-16.337074401495514
-16.235762994081924
-16.109003693587013
-15.798734126505199
-15.03662196106559
-14.812157169028419
-13.367871932360812
-15.238110119040353
-15.959323293924463
-14.923136399564267
-13.888844444373333
-13.845576911057192
-14.818906842274163
-15.274161188098024
-14.474114826130128
-15.713051899615174
-12.513992168768526
-13.780420893427022
-14.021412197064887
-15.00999666888704
-13.9534941860453
-11.47170431975999
-14.328293687665674
-15.572411502397436
-15.662056059151366
-14.703741020570241
-13.638181696985855
-13.978555004005242
-12.239281024635394
-15.195394038984313
-14.869431730903505
-13.049904214207858
-10.922453936730518
-12.794530081249565
-11.806777714516354
-12.72399308393399
-12.938315191708694
-11.588787684654509
-11.291589790636214
-13.
-10.747092630102339
-8.549853799919621
-9.418067742376884
-10.469001862641921
-11.510864433221338
-11.467344941179714
-10.435516278555651
-9.797958971132712
-8.360621986431392
-8.514693182963201
-6.760177512462229
-6.752777206453653
-8.648699324175862
-10.497618777608569
-10.80277742064512
-9.50789145920377
-9.843779761859771
-8.068457101577723
-7.463243262818116
-5.916079783099616
-4.753945729601885
-3.5496478698597698
-5.1478150704935
-4.626013402488151
-4.219004621945797
-4.54972526643093
-4.110960958218893
-4.516635916254486
-5.692099788303083
-5.319774431308154
-6.316644678941502
-3.1780497164141406
-2.073644135332772
-4.69041575982343
-4.230839160261236
-3.9749213828703582
-1.6733200530681511
-5.282045058497703
-3.714835124201342
-4.732863826479693
-4.012480529547776
-0.7745966692414834
4.254409477236529
3.146426544510455
2.258317958127243
6.332456079595025
3.924283374069717
2.4083189157584592
3.1304951684997055
1.8439088914585775
4.171330722922842
6.782329983125268
6.252999280345393
4.33589667773576
6.180614856144977
6.920982589199311
6.496152707564686
7.962411694957753
6.985699678629192
5.394441583704471
8.396427811873332
6.7379522111692065
9.549869109050658
10.430723848324238
8.613942186943213
11.148990985734986
11.46298390472568
11.806777714516354
11.945710527214361
12.509996003196804
12.521980673998822
15.20526224699857
14.49482666333061
14.446452851824906
13.053735097664577
12.895735729302148
13.978555004005242
16.867127793433
13.435028842544403
15.231546211727817
15.003332963045244
14.567086187704115
15.433729296576379
14.539601094940673
15.079787796915447
13.107249902248755
13.845576911057192
13.773162309360911
13.236313686219438
12.381437719424994
13.82389236069205
15.87765725792064
13.003845585056753
14.120906486483083
13.371611720357423
14.039230748157108
13.974977638622539
15.501612819316577
14.035668847618199
14.057026712644463
12.918978287774928
14.989996664442591
15.498387012847498
15.517731793016658
12.996153277027783
14.039230748157108
12.62933094031509
14.580809305384937
14.08190328045183
15.188811671753653
12.288205727444508
11.924764148611073
9.710818709048171
9.924716620639604
10.686440005914037
9.586448768965493
9.695359714832659
11.549891774384728
11.384199576606166
11.045361017187261
9.02219485491197
11.304866208850063
10.119288512538814
9.715966241192895
8.87693640846886
8.342661445845684
8.966604708583958
7.905694150420948
5.585696017507576
8.432081593533118
6.942621983083913
8.270429251254134
9.214119599831555
7.409453421137082
6.892024376045111
5.2345009313209605
5.458937625582473
6.300793600809346
7.113367697511496
5.856620185738529
6.363961030678928
8.191458966508957
5.431390245600108
5.674504383644443
5.709640969448079
6.767569726275452
6.8044103344816
4.6475800154489
4.404543109109048
4.743416490252569
4.516635916254486
4.266145801540309
3.96232255123179
5.531726674375733
3.7416573867739413
3.8600518131237567
3.646916505762094
2.7748873851023217
3.5496478698597698
2.6076809620810595
2.756809750418044
4.06201920231798
3.4351128074635335
4.43846820423443
1.7320508075688772
0.8366600265340756
-4.9899899799498595
-3.7416573867739413
-2.7202941017470885
-3.3166247903554
-3.478505426185217
-4.795831523312719
-5.039841267341661
-4.560701700396552
-3.591656999213594
-5.974947698515862
-7.726577508832744
-5.727128425310541
-7.0992957397195395
-7.44983221287567
-6.670832032063167
-7.085195833567341
-9.055385138137417
-8.402380615040002
-8.602325267042627
-9.513148795220223
-9.833615815151617
-11.004544515789828
-11.489125293076057
-8.860022573334675
-9.864076236526156
-10.917875251164945
-9.273618495495704
-9.899494936611665
-10.173494974687902
-9.674709297958259
-12.231107881136523
-14.394443372357264
-13.171939872319491
-11.92895636675732
-10.310189135025603
-12.988456413292536
-13.722244714331545
-10.807404868885037
-11.536897329871667
-12.872451204024818
-14.75466028073842
-13.838352503098047
-12.880217389469792
-13.711309200802088
-15.630099167951558
-13.435028842544403
-12.489995996796797
-11.899579824514813
-12.573782247199924
-11.970797801316335
-11.941524190822543
-11.022703842524301
-12.876334882255899
-12.716131487209465
-11.92057045614848
-14.244297104455523
-11.090536506409418
-12.708265027138834
-15.433729296576379
-13.93197760549449
-13.289093272304171
-14.608216865860118
-13.586758259423032
-13.046072205840346
-12.128478882366082
-13.671137480107499
-13.693063937629153
-11.349008767288886
-12.68857754044952
-13.251415018781957
-13.70766209096212
-12.296340919151518
-12.13260071048248
-11.631852818876277
-11.554220008291344
-8.700574693662482
-10.03493896344168
-9.894442884771228
-9.316651759081692
-10.894952959971878
-11.326958991715296
-10.742439201596628
-8.860022573334675
-9.889388252060893
-9.10494371207203
-8.497058314499201
-7.784600182411426
-8.637129152675673
-8.648699324175862
-7.694153624668538
-8.532291603080617
-8.154753215150045
-9.154233993076646
-8.34865258589672
-6.985699678629192
-8.613942186943213
-8.372574275573792
-5.375872022286245
-6.935416353759881
-6.59545297913646
-6.29285308902091
-6.220932405998316
-7.867655305108378
-7.536577472566709
-7.899367063252599
-7.7781745930520225
-6.099180272790763
-3.63318042491699
-5.244044240850758
-7.700649323271382
-4.571651780264984
-2.3874672772626644
-4.159326868617084
-7.092249290598858
-6.099180272790763
-4.949747468305833
-4.711687595755898
-4.560701700396552
-4.868264577855234
-3.8600518131237567
-5.974947698515862
-4.722287581247038
-5.412947441089743
-4.2895221179054435
-2.6832815729997477
-2.32379000772445
-4.415880433163924
-4.61519230368573
-3.8858718455450894
-3.1304951684997055
-2.
-1.224744871391589
-1.6733200530681511
-4.159326868617084
-2.0248456731316584
-1.70293863659264
-3.9370039370059056
-1.8973665961010275
-2.1447610589527217
-2.280350850198276
-0.7745966692414834
-0.5477225575051661
-1.0954451150103321
-2.04939015319192
-2.569046515733026
-1.
-1.140175425099138
-1.0954451150103321
-0.7745966692414834
-1.0954451150103321
-1.70293863659264
-2.5099800796022267
-2.345207879911715
0.
2.6645825188948455
2.7748873851023217
2.6267851073127395
4.03732584763727
4.415880433163924
5.338539126015656
4.898979485566356
3.22490309931942
3.7282703764614498
4.33589667773576
5.019960159204453
5.440588203494177
6.0332412515993425
5.796550698475776
5.865151319446072
4.949747468305833
5.224940191045253
6.9498201415576215
8.8656641037206
8.723531395025756
7.628892449104261
7.489993324429602
8.031189202104505
8.1117199162693
10.959014554237985
11.211601134539169
11.794066304714418
10.4546640309481
9.715966241192895
6.913754406977442
9.305912099305473
9.268225288586807
9.82344135219425
9.591663046625438
10.00499875062461
9.736529155710468
9.67987603226405
8.74642784226795
9.359487165438072
7.536577472566709
9.803060746521975
7.803845206050668
8.848728722251575
10.358571330062848
10.963576058932597
8.757853618324527
9.284395510748128
9.581231653602787
7.3824115301167
10.69579356569675
10.67239429556461
11.144505372604026
10.816653826391969
12.087183294713455
11.34460224071342
10.606601717798213
10.606601717798213
10.143963722332607
10.009995004993758
10.339245620450265
11.40175425099138
9.486832980505138
10.178408519999577
10.625441167311596
9.643650760992955
8.167006795638168
7.3824115301167
8.677557259966655
9.423375191511797
8.154753215150045
8.1117199162693
8.024961059095553
8.8656641037206
7.974960814950754
7.886697661252142
7.615773105863909
7.54983443527075
7.5099933422074345
7.355270219373317
6.156297588648554
7.176350047203662
4.527692569068709
5.692099788303083
7.085195833567341
6.6783231428256
5.779273310719955
4.626013402488151
4.301162633521313
5.10881590977792
5.138093031466052
4.207136793592526
5.683308895353129
4.347413023856832
4.381780460041329
4.219004621945797
5.709640969448079
6.610597552415364
3.63318042491699
2.3874672772626644
2.8635642126552705
2.6076809620810595
3.271085446759225
1.5811388300841898
2.9832867780352594
3.6193922141707713
3.9496835316262997
1.2649110640673518
2.949576240750525
1.816590212458495
2.2135943621178655
2.2135943621178655
1.760681686165901
2.7748873851023217
0.8944271909999159
3.0659419433511785
3.0166206257996713
3.146426544510455
1.0954451150103321
0.9486832980505138
0.8366600265340756
1.0488088481701516
0.6324555320336759
0.7071067811865476